1.19, 0.84, 0.78, 0.93, 1.08, 0.78, 0.78, 1.16, 1.69, 0.77, 0.85, 1.13, 1.13, 1.16, 1.20, 1.20, 1.20, 1.20, 1.56, 1.56, 1.16, 1.19, 1.71, 1.73, 2.02, 2.02, 2.02, 2.04, 1.18, 1.05, 0.78, 1.01, 1.56, 0.78, 0.78, 2.85, 2.85, 1.71, 0.91, 0.84, 0.84, 1.20, 1.50, 1.28, 0.96, 1.26, 1.08, 1.20, 1.83, 1.16, 0.87, 1.16, 1.34, 0.71, 0.78, 0.84, 0.78, 0.78, 1.20, 1.16, 1.16, 1.16, 1.16, 1.16, 2.99, 0.84, 0.84, 1.69, 1.20, 2.10, 0.86, 1.20, 1.05, 1.11, 1.20, 0.64, 0.78


CAMATL-51: 1.43
ITTA-89: 7.41
KAB-103B: 3.01
KAX-6: 0.40
KOBAN-55: 7.56
MULACH-8: 11.71
OCH-11: 0.25
POKCHE-22: 11.46
SINAN-57: 0.79
TEEKIT-12: 2.96
TENTOK-4: 1.28
TLACAME-9: 3.36
TLALKIVAK-3: 4.50
TLAMATINI-12: 0.74
TSIMIN-34: 2.22
XANAB-DL1: 13.88
XIKIN-32: 5.29
XUX-5: 2.57
YAXCHE-800: 14.63